y(:,1)=[1;1;1;1;1;1;1;1;1;1;1;1;1;1;1;1;1;1;1;1;1;1;-1;-1;-1;-1;-1;-1;1;1;1;1;-1;-1;-1;-1;-1;-1;1;1;1;1;-1;-1;-1;-1;-1;-1;1;1;1;1;-1;-1;-1;-1;-1;-1;1;1;1;1;-1;-1;-1;-1;-1;-1;1;1;1;1;-1;-1;-1;-1;-1;-1;1;1;1;1;1;1;1;1;1;1;1;1;1;1;1;1;1;1;1;1;1;1;-1;];
y(:,2)=[-1;1;1;1;1;1;1;1;1;-1;1;1;1;1;1;1;1;1;1;1;1;1;-1;-1;-1;-1;-1;-1;1;1;1;1;-1;-1;-1;-1;-1;-1;1;1;1;1;-1;-1;-1;-1;-1;-1;1;1;1;1;-1;-1;-1;-1;-1;-1;1;1;1;1;-1;-1;-1;-1;-1;-1;1;1;1;1;-1;-1;-1;-1;-1;-1;1;1;1;1;1;1;1;1;1;1;1;1;-1;1;1;1;1;1;1;1;1;-1;-1;];
y(:,3)=[-1;1;1;1;1;1;1;1;1;-1;-1;1;1;1;1;1;1;1;1;-1;1;1;-1;-1;-1;-1;-1;-1;1;1;1;1;-1;-1;-1;-1;-1;-1;1;1;1;1;-1;-1;-1;-1;-1;-1;1;1;1;1;-1;-1;-1;-1;-1;-1;1;1;1;1;-1;-1;-1;-1;-1;-1;1;1;1;1;-1;-1;-1;-1;-1;-1;1;1;-1;1;1;1;1;1;1;1;1;-1;-1;1;1;1;1;1;1;1;1;-1;-1;];
y(:,4)=[-1;-1;1;1;1;1;1;1;-1;-1;-1;1;1;1;1;1;1;1;1;-1;-1;1;-1;-1;-1;-1;-1;-1;1;-1;1;1;-1;-1;-1;-1;-1;-1;1;1;1;1;-1;-1;-1;-1;-1;-1;1;1;1;1;-1;-1;-1;-1;-1;-1;1;1;1;1;-1;-1;-1;-1;-1;-1;1;1;-1;1;-1;-1;-1;-1;-1;-1;1;-1;-1;1;1;1;1;1;1;1;1;-1;-1;-1;1;1;1;1;1;1;-1;-1;-1;];
y(:,5)=[-1;-1;1;1;1;1;1;1;-1;-1;-1;1;1;1;1;1;1;1;1;-1;-1;1;1;-1;-1;-1;-1;1;1;-1;1;1;-1;-1;-1;-1;-1;-1;1;1;1;1;-1;-1;-1;-1;-1;-1;1;1;1;1;-1;-1;-1;-1;-1;-1;1;1;1;1;-1;-1;-1;-1;-1;-1;1;1;-1;1;1;-1;-1;-1;-1;1;1;-1;-1;1;1;1;1;1;1;1;1;-1;-1;-1;1;1;1;1;1;1;-1;-1;-1;];
y(:,6)=[-1;-1;1;1;1;1;1;1;-1;-1;-1;1;1;1;-1;-1;1;1;1;-1;-1;1;1;-1;-1;-1;-1;1;1;-1;1;1;-1;-1;-1;-1;-1;-1;1;1;1;1;-1;-1;-1;-1;-1;-1;1;1;1;1;-1;-1;-1;-1;-1;-1;1;1;1;1;-1;-1;-1;-1;-1;-1;1;1;-1;1;1;-1;-1;-1;-1;1;1;-1;-1;1;1;1;-1;-1;1;1;1;-1;-1;-1;1;1;1;1;1;1;-1;-1;-1;];
y(:,7)=[-1;-1;1;1;1;1;1;1;-1;-1;-1;1;1;1;-1;-1;1;1;1;-1;-1;1;1;-1;-1;-1;-1;1;1;-1;-1;1;-1;-1;-1;-1;-1;-1;1;-1;1;1;-1;-1;-1;-1;-1;-1;1;1;1;1;-1;-1;-1;-1;-1;-1;1;1;-1;1;-1;-1;-1;-1;-1;-1;1;-1;-1;1;1;-1;-1;-1;-1;1;1;-1;-1;1;1;1;-1;-1;1;1;1;-1;-1;-1;1;1;1;1;1;1;-1;-1;-1;];
y(:,8)=[-1;-1;1;1;1;1;1;1;-1;-1;-1;1;1;1;-1;-1;1;1;1;-1;-1;1;1;-1;-1;-1;-1;1;1;-1;-1;1;1;-1;-1;-1;-1;1;1;-1;1;1;-1;-1;-1;-1;-1;-1;1;1;1;1;-1;-1;-1;-1;-1;-1;1;1;-1;1;1;-1;-1;-1;-1;1;1;-1;-1;1;1;-1;-1;-1;-1;1;1;-1;-1;1;1;1;-1;-1;1;1;1;-1;-1;-1;1;1;1;1;1;1;-1;-1;-1;];
y(:,9)=[-1;-1;-1;1;1;1;1;-1;-1;-1;-1;-1;1;1;-1;-1;1;1;-1;-1;-1;1;1;-1;-1;-1;-1;1;1;-1;-1;1;1;-1;-1;-1;-1;1;1;-1;1;1;-1;-1;-1;-1;-1;-1;1;1;1;1;-1;-1;-1;-1;-1;-1;1;1;-1;1;1;-1;-1;-1;-1;1;1;-1;-1;1;1;-1;-1;-1;-1;1;1;-1;-1;-1;1;1;-1;-1;1;1;-1;-1;-1;-1;-1;1;1;1;1;-1;-1;-1;-1;];
y(:,10)=[-1;-1;-1;1;1;1;1;-1;-1;-1;-1;-1;1;1;-1;-1;1;1;-1;-1;-1;1;1;-1;-1;-1;-1;1;1;-1;-1;1;-1;-1;-1;-1;-1;-1;1;-1;1;1;-1;-1;-1;-1;-1;-1;1;1;1;1;-1;-1;-1;-1;-1;-1;1;1;-1;1;-1;-1;-1;-1;-1;-1;1;-1;-1;1;1;-1;-1;-1;-1;1;1;-1;-1;-1;1;1;-1;-1;1;1;-1;-1;-1;-1;-1;1;1;1;1;-1;-1;-1;-1;];
 
 
 
y(:,11)=[-1;-1;-1;-1;1;1;-1;-1;-1;-1;-1;-1;-1;-1;1;1;-1;-1;-1;-1;-1;-1;-1;-1;1;1;-1;-1;-1;-1;-1;-1;-1;-1;1;1;-1;-1;-1;-1;-1;-1;-1;-1;1;1;-1;-1;-1;-1;-1;-1;-1;-1;1;1;-1;-1;-1;-1;-1;-1;-1;-1;1;1;-1;-1;-1;-1;-1;-1;-1;-1;1;1;-1;-1;-1;-1;-1;-1;-1;-1;1;1;-1;-1;-1;-1;-1;-1;-1;-1;1;1;-1;-1;-1;-1;-1;];
y(:,12)=[-1;-1;-1;-1;1;1;1;-1;-1;-1;-1;-1;-1;1;1;1;1;-1;-1;-1;-1;-1;1;1;1;1;1;-1;-1;-1;-1;1;1;1;1;1;1;-1;-1;-1;-1;-1;-1;-1;1;1;1;-1;-1;-1;-1;-1;-1;-1;1;1;1;-1;-1;-1;-1;-1;-1;-1;1;1;1;-1;-1;-1;-1;-1;-1;-1;1;1;1;-1;-1;-1;-1;-1;-1;-1;1;1;1;-1;-1;-1;-1;-1;-1;-1;1;1;1;-1;-1;-1;-1;];
y(:,13)=[-1;-1;-1;-1;-1;1;-1;-1;-1;-1;-1;-1;-1;-1;1;1;-1;-1;-1;-1;-1;-1;-1;1;1;1;-1;-1;-1;-1;-1;-1;1;1;1;1;-1;-1;-1;-1;-1;-1;-1;-1;1;1;-1;-1;-1;-1;-1;-1;-1;-1;1;1;-1;-1;-1;-1;-1;-1;-1;-1;1;1;-1;-1;-1;-1;-1;-1;-1;-1;1;1;-1;-1;-1;-1;-1;-1;-1;-1;1;1;-1;-1;-1;-1;-1;-1;1;1;1;1;1;1;-1;-1;-1;];
y(:,14)=[-1;-1;-1;-1;-1;1;-1;-1;-1;-1;-1;-1;-1;-1;1;1;-1;-1;-1;-1;-1;-1;-1;1;1;1;-1;-1;-1;-1;-1;-1;1;1;1;1;-1;-1;-1;-1;-1;-1;-1;-1;1;1;-1;-1;-1;-1;-1;-1;-1;-1;1;1;-1;-1;-1;-1;-1;-1;-1;-1;1;1;-1;-1;-1;-1;-1;-1;-1;-1;1;1;-1;-1;-1;-1;-1;-1;-1;-1;1;1;-1;-1;-1;-1;-1;-1;-1;-1;1;1;-1;-1;-1;-1;-1;];
y(:,15)=[-1;-1;1;1;1;1;-1;-1;-1;-1;-1;-1;1;1;1;1;-1;-1;-1;-1;-1;-1;-1;-1;1;1;-1;-1;-1;-1;-1;-1;-1;-1;1;1;-1;-1;-1;-1;-1;-1;-1;-1;1;1;-1;-1;-1;-1;-1;-1;-1;-1;1;1;-1;-1;-1;-1;-1;-1;-1;-1;1;1;-1;-1;-1;-1;-1;-1;-1;-1;1;1;-1;-1;-1;-1;-1;-1;-1;-1;1;1;-1;-1;-1;-1;-1;-1;1;1;1;1;1;1;-1;-1;-1;];
y(:,16)=[-1;-1;1;1;1;1;-1;-1;-1;-1;-1;-1;1;1;1;1;-1;-1;-1;-1;-1;-1;-1;-1;1;1;-1;-1;-1;-1;-1;-1;-1;-1;1;1;-1;-1;-1;-1;-1;-1;-1;-1;1;1;-1;-1;-1;-1;-1;-1;-1;-1;1;1;-1;-1;-1;-1;-1;-1;-1;-1;1;1;-1;-1;-1;-1;-1;-1;-1;-1;1;1;-1;-1;-1;-1;-1;-1;-1;-1;1;1;-1;-1;-1;-1;-1;-1;-1;-1;1;1;-1;-1;-1;-1;-1;];
y(:,17)=[-1;-1;-1;-1;1;1;-1;-1;-1;-1;-1;-1;-1;1;1;1;-1;-1;-1;-1;-1;-1;1;1;1;1;-1;-1;-1;-1;-1;-1;-1;-1;1;1;-1;-1;-1;-1;-1;-1;-1;-1;1;1;-1;-1;-1;-1;-1;-1;-1;-1;1;1;-1;-1;-1;-1;-1;-1;-1;-1;1;1;-1;-1;-1;-1;-1;-1;-1;-1;1;1;-1;-1;-1;-1;-1;-1;-1;-1;1;1;-1;-1;-1;-1;-1;-1;-1;-1;1;1;-1;-1;-1;-1;-1;];
y(:,18)=[-1;-1;-1;-1;1;1;-1;-1;-1;-1;-1;-1;-1;1;1;1;-1;-1;-1;-1;-1;-1;1;1;1;1;-1;-1;-1;-1;-1;-1;-1;-1;1;1;-1;-1;-1;-1;-1;-1;-1;-1;1;1;-1;-1;-1;-1;-1;-1;-1;-1;1;1;-1;-1;-1;-1;-1;-1;-1;-1;1;1;-1;-1;-1;-1;-1;-1;-1;-1;1;1;-1;-1;-1;-1;-1;-1;-1;-1;1;1;-1;-1;-1;-1;-1;-1;-1;1;1;1;1;-1;-1;-1;-1;];
y(:,19)=[-1;-1;-1;-1;-1;1;-1;-1;-1;-1;-1;-1;-1;-1;1;1;-1;-1;-1;-1;-1;-1;-1;1;1;1;-1;-1;-1;-1;-1;-1;-1;-1;1;1;-1;-1;-1;-1;-1;-1;-1;-1;1;1;-1;-1;-1;-1;-1;-1;-1;-1;1;1;-1;-1;-1;-1;-1;-1;-1;-1;1;1;-1;-1;-1;-1;-1;-1;-1;-1;1;1;-1;-1;-1;-1;-1;-1;-1;-1;1;1;-1;-1;-1;-1;-1;-1;-1;1;1;1;1;-1;-1;-1;-1;];
y(:,20)=[-1;-1;-1;-1;-1;1;-1;-1;-1;-1;-1;-1;-1;-1;1;1;-1;-1;-1;-1;-1;-1;-1;1;1;1;-1;-1;-1;-1;-1;-1;-1;-1;1;1;-1;-1;-1;-1;-1;-1;-1;-1;1;1;-1;-1;-1;-1;-1;-1;-1;-1;1;1;-1;-1;-1;-1;-1;-1;-1;-1;1;1;-1;-1;-1;-1;-1;-1;-1;-1;1;1;-1;-1;-1;-1;-1;-1;-1;-1;1;1;-1;-1;-1;-1;-1;-1;-1;-1;1;1;-1;-1;-1;-1;-1;];
 
 
 
y(:,21)=[1;1;1;1;1;1;1;1;1;1;1;1;1;1;1;1;1;1;1;1;-1;-1;-1;-1;-1;-1;-1;-1;1;1;-1;-1;-1;-1;-1;-1;-1;-1;1;1;1;1;1;1;1;1;1;1;1;1;1;1;1;1;1;1;1;1;1;1;1;1;-1;-1;-1;-1;-1;-1;-1;-1;1;1;-1;-1;-1;-1;-1;-1;-1;-1;1;1;1;1;1;1;1;1;1;1;1;1;1;1;1;1;1;1;1;1;-1;];
y(:,22)=[1;1;1;1;1;1;1;1;1;-1;1;1;1;1;1;1;1;1;1;1;-1;-1;-1;-1;-1;-1;-1;-1;1;1;-1;-1;-1;-1;-1;-1;-1;-1;1;1;-1;1;1;1;1;1;1;1;1;1;1;1;1;1;1;1;1;1;1;1;1;1;-1;-1;-1;-1;-1;-1;-1;-1;1;1;-1;-1;-1;-1;-1;-1;-1;-1;1;1;1;1;1;1;1;1;1;1;1;1;1;1;1;1;1;1;1;1;-1;];
y(:,23)=[1;1;1;1;1;1;1;1;-1;-1;1;1;1;1;1;1;1;1;1;-1;-1;-1;-1;-1;-1;-1;-1;1;1;1;-1;-1;-1;-1;-1;-1;-1;-1;1;1;-1;1;1;1;1;1;1;1;1;1;1;1;1;1;1;1;1;1;1;-1;1;1;-1;-1;-1;-1;-1;-1;-1;-1;1;1;-1;-1;-1;-1;-1;-1;-1;-1;1;1;1;1;1;1;1;1;1;1;1;1;1;1;1;1;1;1;1;1;-1;];
y(:,24)=[1;1;1;1;1;1;1;1;-1;-1;1;1;1;1;1;1;1;1;1;-1;-1;-1;-1;-1;-1;-1;-1;1;1;1;-1;-1;-1;-1;-1;-1;-1;-1;1;1;-1;-1;1;1;1;1;1;1;1;1;-1;1;1;1;1;1;1;1;1;-1;1;1;1;-1;-1;-1;-1;-1;-1;-1;1;1;-1;-1;-1;-1;-1;-1;-1;-1;1;1;1;1;1;1;1;1;1;1;1;1;1;1;1;1;1;1;1;1;-1;];
y(:,25)=[-1;-1;1;1;1;1;1;1;-1;-1;1;1;1;1;1;1;1;1;1;-1;1;1;-1;-1;-1;-1;-1;1;1;1;-1;-1;-1;-1;-1;-1;-1;-1;1;1;-1;-1;-1;1;1;1;1;1;1;1;-1;1;1;1;1;1;1;1;1;-1;1;1;1;1;-1;-1;-1;-1;-1;-1;1;1;-1;-1;-1;-1;-1;-1;-1;-1;1;1;1;1;1;1;1;1;1;1;1;1;1;1;1;1;1;1;1;1;-1;];
y(:,26)=[-1;-1;1;1;1;1;1;-1;-1;-1;1;1;1;1;1;1;1;1;1;-1;1;1;-1;-1;-1;-1;-1;1;1;1;-1;-1;-1;-1;-1;-1;-1;-1;1;1;-1;-1;-1;1;1;1;1;1;1;-1;-1;-1;1;1;1;1;1;1;-1;-1;-1;1;1;1;-1;-1;-1;-1;-1;-1;1;1;1;-1;-1;-1;-1;-1;-1;-1;1;1;1;1;1;1;1;1;1;1;1;1;1;1;1;1;1;1;1;1;-1;];
y(:,27)=[-1;1;1;1;1;1;1;1;-1;-1;1;1;1;1;1;1;1;1;1;-1;1;1;-1;-1;-1;-1;-1;1;1;1;-1;-1;-1;-1;-1;-1;-1;-1;1;1;-1;-1;-1;-1;-1;1;1;1;1;-1;-1;-1;1;1;1;1;1;1;-1;-1;-1;1;1;1;1;-1;-1;-1;-1;-1;1;1;1;-1;-1;-1;-1;-1;-1;-1;1;1;1;1;1;1;1;1;1;1;1;1;1;1;1;1;1;1;1;1;-1;];
y(:,28)=[-1;-1;1;1;1;1;1;1;-1;-1;-1;1;1;1;1;1;1;1;1;-1;-1;1;1;-1;-1;-1;-1;1;1;1;-1;-1;-1;-1;-1;-1;-1;-1;1;1;-1;-1;-1;-1;-1;1;1;1;1;-1;-1;-1;1;1;1;1;1;1;-1;-1;-1;1;1;1;1;-1;-1;-1;-1;-1;1;1;1;-1;-1;-1;-1;-1;-1;-1;1;1;1;1;1;1;1;1;1;-1;1;1;1;1;1;1;1;1;1;1;-1;];
y(:,29)=[-1;-1;1;1;1;1;1;1;-1;-1;-1;1;1;1;1;1;1;1;1;-1;-1;1;1;-1;-1;-1;-1;1;1;1;-1;-1;-1;-1;-1;-1;-1;-1;1;1;-1;-1;-1;-1;-1;1;1;1;1;-1;-1;-1;-1;1;1;1;1;1;-1;-1;-1;-1;1;1;1;1;-1;-1;-1;-1;-1;1;1;1;-1;-1;-1;-1;-1;-1;1;1;1;1;1;1;1;1;1;-1;1;1;1;1;1;1;1;1;1;1;-1;];
